2.139945e-03
2.503095e-03
7.890584e-04
-1.915039e-03
-3.543324e-03
-2.544717e-03
7.983090e-04
4.272248e-03
5.121419e-03
2.096399e-03
-3.292373e-03
-7.400860e-03
-6.807731e-03
-9.370224e-04
6.955719e-03
1.144942e-02
8.522676e-03
-1.240406e-03
-1.218425e-02
-1.667512e-02
-1.017878e-02
4.922098e-03
1.968051e-02
2.360369e-02
1.168677e-02
-1.102711e-02
-3.093127e-02
-3.348162e-02
-1.296204e-02
2.172749e-02
4.983555e-02
4.992463e-02
1.393095e-02
-4.409601e-02
-9.084182e-02
-8.845160e-02
-1.453644e-02
1.229559e-01
2.846911e-01
4.146666e-01
4.643599e-01
