5.832212e-04
7.586682e-04
3.550685e-04
-4.113547e-04
-9.997381e-04
-9.078312e-04
-6.988504e-05
1.009939e-03
1.537592e-03
9.834603e-04
-4.600916e-04
-1.881580e-03
-2.196346e-03
-9.272082e-04
1.318164e-03
3.082845e-03
2.967076e-03
6.645478e-04
-2.602805e-03
-4.675594e-03
-3.831966e-03
-1.008330e-04
4.434229e-03
6.732762e-03
4.764622e-03
-8.867887e-04
-6.968884e-03
-9.351400e-03
-5.731155e-03
2.466663e-03
1.043061e-02
1.268057e-02
6.691966e-03
-4.890980e-03
-1.517950e-02
-1.698291e-02
-7.604146e-03
8.586640e-03
2.187650e-02
2.278397e-02
8.424281e-03
-1.439663e-02
-3.193342e-02
-3.129595e-02
-9.111454e-03
2.435415e-02
4.904519e-02
4.596696e-02
9.630176e-03
-4.511801e-02
-8.684923e-02
-8.145368e-02
-9.953003e-03
1.188997e-01
2.684764e-01
3.878579e-01
4.333613e-01
