-3.292678e-04
-2.213344e-04
8.444582e-05
3.989713e-04
4.846246e-04
2.245046e-04
-2.643379e-04
-6.691730e-04
-6.726342e-04
-1.853065e-04
5.426776e-04
1.035435e-03
8.904872e-04
8.211224e-05
-9.479152e-04
-1.515620e-03
-1.133022e-03
1.125499e-04
1.515119e-03
2.131250e-03
1.392844e-03
-4.345433e-04
-2.290520e-03
-2.911566e-03
-1.660629e-03
9.334956e-04
3.341117e-03
3.902059e-03
1.925618e-03
-1.684590e-03
-4.775734e-03
-5.183220e-03
-2.176256e-03
2.816324e-03
6.795136e-03
6.915904e-03
2.400924e-03
-4.584014e-03
-9.828889e-03
-9.470085e-03
-2.588726e-03
7.605233e-03
1.500116e-02
1.389573e-02
2.730246e-03
-1.390423e-02
-2.645910e-02
-2.465034e-02
-2.818221e-03
3.631382e-02
8.163637e-02
1.177670e-01
1.315312e-01