-1.072656e-03
-7.210410e-04
2.750991e-04
1.299729e-03
1.578761e-03
7.313686e-04
-8.611335e-04
-2.179965e-03
-2.191240e-03
-6.036731e-04
1.767881e-03
3.373136e-03
2.900940e-03
2.674971e-04
-3.088023e-03
-4.937434e-03
-3.691047e-03
3.666537e-04
4.935804e-03
6.942975e-03
4.537467e-03
-1.415612e-03
-7.461827e-03
-9.485008e-03
-5.409830e-03
3.041049e-03
1.088436e-02
1.271174e-02
6.273087e-03
-5.487888e-03
-1.555791e-02
-1.688538e-02
-7.089589e-03
9.174738e-03
2.213651e-02
2.252994e-02
7.821489e-03
-1.493334e-02
-3.201957e-02
-3.085070e-02
-8.433291e-03
2.477557e-02
4.886927e-02
4.526811e-02
8.894322e-03
-4.529581e-02
-8.619580e-02
-8.030343e-02
-9.180918e-03
1.182995e-01
2.659468e-01
3.836494e-01
4.284894e-01
